              precision    recall  f1-score   support

         1-d      0.982     0.733     0.840       225
         2-d      0.680     0.805     0.737       174
         3-d      0.783     0.824     0.803       136
         4-d      0.440     0.524     0.478        21
         5-d      0.000     0.000     0.000         0
         6-d      0.000     0.000     0.000         0
         7-d      0.000     0.000     0.000         1

    accuracy                          0.768       557
   macro avg      0.412     0.412     0.408       557
weighted avg      0.817     0.768     0.783       557
